-8 14
14 -19
-21 -8
-11 -24
-8 50
-27 -16
-43 -37
-27 45
38 9
-28 15
2 29
-45 9
0 -25
-36 -36
2 -10
-47 29
-20 32
12 -33
49 5
-34 -47
21 35
8 34
-34 -26
-33 5
-29 -18
27 37
2 -27
20 -11
49 -12
-20 -40
-17 5
1 48
36 15
32 -46
-18 11
27 -2
-10 17
-43 25
-3 -27
49 -26
-17 34
-3 38
-46 -39
-49 44
11 -7
-50 46
47 36
-45 22
-11 27
-33 1
48 -8
19 28
-7 47
27 -25
13 -6
4 9
-29 -25
47 -8
35 10
-25 -6
8 -12
-45 24
-11 -50
32 45
-24 45
27 44
-5 -37
-3 -44
-11 -15
20 35
-29 30
24 -28
-26 21
-31 22
-22 -23
-15 -27
-3 -25
2 20
-39 36
-35 10
45 44
-42 19
-27 -29
-50 48
7 -14
-6 -2
-4 43
-30 48
-38 31
21 -17
4 -37
41 32
-34 14
45 23
-50 -32
12 6
-25 35
-41 -50
26 -50
-26 17
-37 -7
-36 -31
-9 44
42 -45
-2 48
-42 19
19 -42
-20 30
-8 34
-29 -25
-28 -8
33 -39
-40 -39
-32 23
-49 -39
17 -33
-44 -13
19 49
-24 40
43 5
41 -25
-13 -16
26 -8
-13 47
46 12
2 10
-30 -36
16 -42
-42 -49
-24 -10
-16 -15
26 39
14 -36
9 -25
47 41
-49 -18
31 7
-8 -40
39 -18
-1 -36
-1 36
20 -28
1 23
-45 -1
40 -13
-47 -4
-31 -24
-19 -12
13 11
36 23
46 47
-34 -25
19 -3
34 21
-13 -30
-39 -23
3 6
9 -21
-40 -20
18 -23
14 -24
-40 -28
-39 -5
16 21
26 -9
-12 -12
33 49
-27 4
28 24
21 49
25 26
45 -27
-22 48
30 -32
-49 9
-49 -36
47 -2
39 8
9 31
28 -46
31 -8
-43 31
-34 19
33 -21
37 20
3 -39
-29 50
-8 7
-4 7
-36 -15
9 14
39 45
-13 18
33 1
-24 18
-14 31
-13 44
9 0
7 -22
20 11
-33 -4
-12 41
-14 -40
26 -19
-44 11
-31 22
22 -28
-45 48
-14 15
-29 14
-30 -40
-13 -41
11 44
46 23
9 49
15 2
-15 -28
-15 -10
-29 -45
-33 15
-28 -50
29 40
8 21
-12 -26
-3 8
-42 -27
12 25
40 44
-29 38
-25 6
0 -10
49 -36
34 -8
41 -5
13 -2
36 -14
-39 37
50 28
-29 11
41 29
-7 32
28 -19
16 42
-33 3
-1 -48
3 -33
10 -12
-36 -11
27 18
-35 -13
-11 -40
32 41
47 25
-7 -50
29 16
-29 -46
-25 -32
-39 -37
-26 1
-25 18
8 20
-42 -16
24 -10
34 28
5 43
-44 3
-2 -26
34 -8
50 -36
9 7
22 27
-3 -6
-43 39
-15 -30
17 -1
33 34
32 2
38 29
-46 -47
26 41
41 -24
2 22
6 -3
8 -8
44 50
11 2
36 21
44 18
41 -48
-19 39
46 44
-48 -19
7 24
34 33
-34 -14
29 -18
-50 -12
-3 -15
6 -50
9 35
23 -23
-48 29
2 38
7 34
5 2
-15 11
-22 -29
-17 -3
7 11
36 -4
25 29
-12 -11
-45 -7
-8 10
-5 -14
-21 23
-3 -42
-21 38
-21 23
27 8
-16 -39
39 22
-39 -2
-26 -5
-16 11
-23 -4
-14 -40
-2 -30
-23 -15
26 -27
-27 39
13 -33
8 1
50 14
2 -41
37 32
-3 -35
14 -34
-36 40
48 -36
-8 44
38 -28
-40 -19
16 39
50 -15
-5 -7
-25 -8
-41 19
0 34
-9 34
-7 34
-10 30
-44 44
-29 -2
10 -25
6 -46
1 -37
12 50
48 48
-44 -33
36 7
-28 -46
6 21
43 35
-48 -21
31 7
36 -26
-36 16
35 17
-16 -9
48 8
17 -10
-26 -29
35 -7
-7 -44
12 -36
-37 -2
22 -19
-25 -24
29 37
24 -36
-36 -8
6 33
-21 -38
44 16
-43 -10
-1 33
-28 3
9 -14
18 -20
39 -48
50 6
-47 0
2 39
-42 -7
-19 45
27 -49
-38 32
-29 -17
-47 37
5 45
-1 17
14 -22
-47 -6
14 25
-8 31
-45 5
5 5
15 23
37 43
0 -3
19 -36
22 -35
12 -5
-18 45
12 33
33 19
30 12
35 45
-6 -21
6 47
38 -47
-39 50
17 -39
-8 -3
-36 23
41 36
-31 -45
34 43
30 41
-46 -35
30 -38
-31 -23
20 -11
-5 22
-32 -32
-16 5
26 -8
-3 31
-41 36
38 11
29 37
18 -20
28 46
26 -14
-46 20
-46 -5
-39 -26
40 -7
12 34
36 -1
-33 -12
-9 23
-33 -25
-14 49
-18 32
-42 -6
-23 36
-43 43
1 -37
-9 -37
-5 -5
46 -16
-26 -28
-6 -35
-19 4
-46 -36
-9 -23
40 22
-19 45
50 -4
-21 -19
-31 11
37 17
6 4
31 -44
39 16
-31 10
-49 10
33 -49
-8 10
-8 16
1 18
-19 -7
44 -1
-29 45
38 40
-31 -32
-15 47
-38 -48
-7 -36
5 13
-37 -21
-6 -38
-1 -45
-18 43
18 34
33 -3
9 -24
-44 -17
5 25
-11 -5
-47 -8
2 48
6 27
-2 -22
22 -14
39 15
11 10
-6 3
-26 18
28 -31
36 33
4 -11
5 -32
-13 39
-3 -6
32 29
-40 -13
44 8
-11 29
-25 29
-34 33
-47 -6
-9 -38
13 -27
-15 39
38 -17
-28 -22
48 26
28 44
21 -11
-43 -44
-3 -34
43 27
-48 39
-16 -30
25 -48
-37 50
-46 11
-15 -30
-12 -45
8 -35
9 -22
41 -1
12 8
14 -28
28 27
28 -26
45 37
-47 14
7 22
-1 13
28 -9
-29 17
37 -27
-27 41
37 44
45 26
-42 10
28 8
-22 45
-32 -32
9 19
6 26
-26 27
-15 40
-49 -24
-20 10
6 27
-39 -41
27 -11
-46 -41
50 19
-13 41
46 38
22 -35
-46 -23
-34 -4
-9 19
49 -38
-19 10
-43 47
28 -42
36 11
-37 -8
43 -8
-14 -27
47 5
-23 46
-33 14
-13 -2
-35 -15
11 5
-34 -37
-24 48
18 19
-10 12
23 13
-9 -28
36 3
-6 28
-13 14
18 -32
-12 5
34 -22
49 33
-6 -31
-8 42
-30 27
-30 -25
21 -35
48 7
-27 44
-33 -47
-16 -18
20 8
36 21
49 21
-6 -15
-50 -28
-38 -22
-39 40
49 34
42 -12
-25 48
48 0
-1 25
-20 -41
-25 12
-9 -33
-11 26
50 -43
30 29
-41 21
33 46
12 -50
-18 18
-45 43
-39 2
-30 -22
22 -15
38 -6
-8 -41
32 -32
23 -37
41 6
-27 -1
-30 17
-4 -2
9 -33
-12 34
22 -27
-42 -10
-48 -24
-2 -42
39 32
17 -18
-33 -18
-3 -44
-15 -39
12 6
40 -45
13 -24
16 -14
44 -23
41 6
50 25
-18 20
-8 5
29 -40
33 11
50 -7
15 -31
-38 -12
1 15
20 -25
4 28
-8 1
11 39
-42 -7
23 43
32 -37
37 6
-16 4
-29 -3
28 47
24 -36
14 50
18 -3
46 -15
1 46
33 7
45 29
12 -24
24 -42
-2 18
-6 -49
-45 15
-8 -28
12 -18
31 42
22 20
24 15
22 36
-31 48
36 -26
-44 -33
27 -10
19 -46
-20 -35
-47 -29
-4 13
28 -44
-12 37
7 3
17 -6
49 27
-44 1
-22 -46
-26 29
-9 24
-12 -26
24 26
31 -15
-42 31
-26 48
12 35
21 -3
-9 7
-27 -3
42 30
-35 28
49 -37
37 -2
-47 24
29 -35
-19 40
13 7
-44 5
12 20
23 10
-6 34
16 37
1 33
-1 28
-37 -3
-16 43
29 9
-29 50
-10 21
-2 -38
34 -22
17 -36
-36 -40
18 20
-42 21
2 -13
9 44
-41 -3
-9 17
14 -16
43 -10
-1 -11
-30 -8
-14 7
-22 20
50 -8
-28 -32
-49 -34
8 21
28 -49
18 -36
-8 -15
-49 42
10 11
38 -16
-43 39
10 47
-18 -29
-17 -32
-32 -29
-13 44
-46 -11
4 13
-49 5
-12 6
24 -18
11 -2
18 46
37 47
23 -11
40 34
19 8
-43 28
-26 -49
-45 -25
-38 -6
-41 37
0 -15
12 49
-3 31
-21 5
-14 15
-39 38
35 28
-33 40
-25 16
32 -46
-14 -43
-10 14
-22 46
-17 29
-41 -48
-27 -23
-13 38
42 -34
-17 25
41 -43
47 16
7 -36
16 -19
-44 -32
-50 -12
-40 -18
42 -33
40 -33
3 -13
16 -49
-31 15
-32 -16
-19 11
25 0
-43 -46
41 -2
-41 -46
24 -23
-25 45
41 50
-25 -25
-8 -9
5 -45
42 19
-26 -43
47 24
17 -20
-21 -19
40 40
-48 0
20 -38
32 8
22 28
26 8
16 -35
11 -50
47 41
38 43
-49 43
-45 -14
14 11
-31 37
47 32
22 15
-10 4
28 6
-5 6
-41 -27
-5 44
27 40
-23 45
34 -45
39 -30
15 5
40 -17
3 -14
12 40
-22 -7
-4 -27
15 35
-25 41
19 -4
34 38
48 -24
-28 -39
28 -47
11 36
-15 -27
35 34
-38 35
-25 -1
-13 19
-33 -7
37 -49
50 42
21 -38
-15 43
45 -31
18 -45
-43 -10
5 23
40 28
-47 25
-20 -25
38 -21
-17 -43
25 41
-36 -6
23 4
-43 8
13 -30
-37 -44
-40 -33
27 13
-37 -28
-45 -16
-42 6
5 46
-43 11
-15 -30
12 -23
47 7
-34 26
-41 -23
5 48
-19 2
47 -4
-13 30
10 -18
-19 27
-7 -49
-10 -8
20 -25
41 5
29 -34
48 41
-44 19
-47 42
18 36
7 -26
23 -38
-36 16
-13 14
34 30
37 1
-28 -33
8 -7
-30 25
24 9
-43 -5
-50 -47
-16 -17
-9 26
24 -24
-26 -47
-40 4
1 -1
-27 29
44 49
-5 41
-23 -47
10 -10
23 -42
-8 44
16 35
1 8
7 -33
22 -20
5 -39
-22 -6
-50 -33
38 5
-23 14
15 48
-26 30
6 10
-18 2
-30 37
-23 3
7 -50
-12 38
25 -47
5 -41
23 37
-28 -22
-21 -30
38 38
-42 -33
0 17
-24 4
-47 28
-37 -28
12 48
-38 -49
-29 -47
-15 -26
-43 -25
-1 7
-48 -8
30 20
45 0
